  47509.00     8.98     0.36
  47512.00     9.73     0.73
  47517.00     9.71     0.39
  47524.00     9.79     0.39
  47525.00    10.11     0.40
  47528.00    10.56     0.42
  47533.00    10.14     0.41
  47534.00    10.55     0.42
  47535.00    10.16     0.41
  47539.00    10.74     0.38
  47543.00     9.88     0.40
  47549.00    11.48     0.86
  47556.00     9.08     0.32
  47560.00     9.59     0.34
  47561.00     9.69     0.39
  47564.00     9.31     0.37
  47565.00     9.36     0.37
  47567.00     9.31     0.37
  47568.00     9.09     0.36
  47570.00     8.48     0.34
  47571.00     9.16     0.37
  47572.00     8.48     0.34
  47573.00     8.54     0.23
  47574.00     8.74     0.31
  47575.00     8.05     0.60
  47576.00     7.94     0.60
  47582.00     8.15     0.33
  47583.00     7.98     0.48
  47584.00     8.59     0.34
  47587.00     8.79     0.31
  47589.00     9.12     0.32
  47590.00     9.26     0.37
  47591.00     9.26     0.37
  47592.00     9.31     0.25
  47593.00     9.16     0.26
  47594.00     8.92     0.31
  47597.00    10.20     0.76
  47598.00     9.94     0.40
  47599.00     9.88     0.40
  47600.00     9.84     0.28
  47601.00    10.08     0.76
  47606.00    10.60     0.37
  47613.00    10.80     0.43
  47614.00    10.99     0.44
  47615.00    10.56     0.42
  47617.00    11.23     0.45
  47618.00    11.43     0.32
  47620.00    11.55     0.38
  47621.00    11.66     0.41
  47622.00    11.56     0.69
  47623.00    11.70     0.47
  47624.00    11.70     0.47
  47626.00    11.60     0.46
  47627.00    11.87     0.34
  47628.00    11.83     0.41
  47629.00    11.73     0.47
  47631.00    12.48     0.53
  47632.00    11.53     0.69
  47642.00    12.22     0.49
  47643.00    11.58     0.33
  47644.00    11.77     0.31
  47645.00    10.91     0.44
  47648.00    11.88     0.89
  47649.00    11.48     0.38
  47650.00    11.49     0.46
  47652.00    11.07     0.83
  47653.00    11.10     0.44
  47654.00    11.09     0.31
  47655.00    11.16     0.37
  47656.00    11.15     0.39
  47657.00    11.05     0.44
  47658.00    11.63     0.40
  47660.00    10.11     0.40
  47661.00    11.35     0.45
  47663.00    11.30     0.85
  47664.00    10.72     0.80
  47665.00    10.75     0.45
  47666.00    10.43     0.78
  47668.00    10.66     0.80
  47673.00     9.99     0.40
  47674.00    10.09     0.40
  47678.00     9.79     0.28
  47679.00     9.62     0.38
  47680.00     9.78     0.39
  47681.00     9.62     0.38
  47682.00     9.68     0.39
  47683.00     9.83     0.39
  47684.00     9.36     0.38
  47685.00     9.52     0.38
  47686.00     9.26     0.37
  47687.00     9.65     0.58
  47699.00    10.05     0.86
  47700.00    10.50     0.89
  47701.00    10.75     0.91
  47703.00     9.26     0.37
  47705.00     8.69     0.35
  47707.00     9.88     0.40
  47708.00     9.57     0.38
  47709.00     9.57     0.38
  47710.00     9.73     0.34
  47711.00    10.21     0.41
  47713.00     9.97     0.75
  47715.00     9.16     0.37
  47716.00     9.81     0.39
  47719.00    10.16     0.41
  47725.00     9.93     0.40
  47728.00     9.06     0.77
  47730.00    10.10     0.86
  47736.00     7.18     0.50
  47742.00     5.78     0.35
  47746.00     7.36     0.55
  47748.00     6.60     0.40
  47749.00     7.47     0.56
  47754.00     7.01     0.53
  47757.00     8.11     0.61
  47758.00     9.97     0.75
  47759.00     9.04     0.68
  47765.00     7.53     0.56
  47766.00     8.51     0.31
  47767.00     8.55     0.30
  47777.00     8.98     0.36
  47778.00     9.70     0.27
  47779.00     9.74     0.39
  47797.00    10.48     0.42
  47809.00    10.09     0.40
